0
74.2475
0.184778
1.81
0.200928
4.22836
0.160603
7.5981
0.00384451
0.450247
1.07791
1.51734
2.26603
4.05061
0.33077
1.85871
12.204
1.56442
2.73194
1.79973
1.72143
3.50404
3.88903
0.495783
0.21349
2.61291
2.9636
4.77696
0.463873
2.27633
0.367091
7.09846
0.7772
6.81844
0.642307
4.51357
3.14131
4.75333
1.12144
3.72484
1.29654
2.10525
2.08052
0.800196
0.315935
1.45944
0.734269
0.939961
3.19097
3.28849
2.40809
10.7144
0.892227
0.166951
0.500973
1.54948
2.37359
3.63989
0.916685
2.48018
0.488777
1.06382
0.285478
1.72389
0.284889
0.673679
0.491504
4.16749
0.460117
1.69502
0.205988
3.12539
1.87841
0.861396
0.824898
0.733086
0.564755
0.22401
1.97231
0.742373
3.89746
3.91177
1.38576
0.289303
1.31242
2.23576
3.54638
0.514855
4.04418
1.02456
3.13224
2.5886
0.893925
7.27084
1.02143
2.79349
2.10927
4.89398
0.00373349
10.1539
4.99834
3.92859
1.05124
2.96251
1.98857
2.10931
0.994284
1.31696
1.36522
0.79958
0.356872
1.36195
1.11152
3.4319
2.24403
7.6723
3.63374
1.34776
0.0295141
1.87195
0.584624
0.256831
0.205234
6.46154
1.95397
6.13849
3.81681
2.18229
0.906862
2.14716
1.06412
6.56065
0.531515
1.81723
0.288038
2.99939
2.7471
3.25908
0.860136
10.1136
0.756778
3.19137
1.27569
5.58594
1.84245
2.20737
0.597613
1.28557
0.712967
0.338469
1.62305
2.21908
0.163022
1.83052
2.03817
2.53697
0.145796
0.931055
1.86576
1.06041
0.693287
4.10345
0.519903
5.70615
3.50091
1.016
1.6277
2.12086
0.896397
1.46155
2.43504
4.45237
2.86286
0.119908
0.125497
3.50241
3.26415
0.216737
0.500463
0.495536
0.20973
2.89626
0.56364
1.89431
1.67329
1.79611
1.94375
4.70266
0.770221
1.49447
1.11447
1.3013
1.84552
7.20283
2.7557
3.43347
1.17349
2.31787
6.15961
2.97816
0.058595
2.21875
0.511455
4.91357
2.24675
0.939655
1.65078
2.15228
0.724373
0.948655
2.11841
2.44985
0.6328
1.86033
0.716846
2.85316
3.97095
0.829086
1.28554
1.25509
3.55492
3.43636
0.356668
3.688
0.51806
2.72104
4.06077
2.55646
2.05557
1.56262
0.791615
1.43354
2.02821
0.53683
0.856275
2.49018
3.99115
1.88823
0.106352
2.67286
0.933206
5.52862
0.660087
5.34285
0.296148
1.79232
2.53184
3.80118
0.307046
3.54708
1.77765
2.15328
0.616722
0.295339
2.11962
2.07186
2.34854
1.33348
0.772066
4.10914
0.0110231
0.67622
1.29219
0.233054
0.589227
3.9339
1.43423
0.384032
5.1507
1.1917
3.97097
5.29222
1.56624
5.83214
1.61025
3.66242
2.45187
5.40223
1.63872
2.90302
1.02341
3.78688
0.524566
3.08244
0.428084
1.0373
2.59032
0.32619
1.39418
4.45663
4.71887
0.459111
0.55007
0.408136
1.2445
2.42551
0.291478
3.64439
1.78367
0.275916
0.102015
5.76425
4.31166
0.999783
0.655085
7.14776
0.6582
0.959919
3.7179
1.77515
3.54385
1.27043
3.16724
1.72422
2.89294
1.54801
0.540455
2.82604
1.63181
1.52927
4.2094
2.78483
1.67939
3.47019
1.13924
2.97237
0.810745
0.311304
1.8329
4.55223
5.42876
2.10777
2.16423
2.24004
0.476079
5.06916
1.46842
7.97161
0.505983
1.6763
0.177517
0.638082
2.25853
1.72532
0.269341
3.92973
3.05219
1.09405
1.27418
4.90789
14.6042
1.56182
0.744524
2.50477
1.18782
1.9518
1.51049
6.4085
0.111713
2.07361
1.3387
0.837573
6.18813
3.39078
2.2613
1.86216
0.667145
0.924758
2.11043
1.95717
3.15519
3.47536
5.26881
0.29945
2.78241
1.84596
0.359235
1.32747
0.616477
6.27782
0.550789
0.176584
0.543327
11.2413
1.90992
3.45546
4.28081
0.381104
1.41706
1.52121
5.89869
1.09095
1.16739
2.02706
1.14027
1.63981
0.0199089
5.16014
0.599791
2.26237
2.63604
2.75179
1.59093
1.81298
2.86938
6.92645
0.116776
8.37089
0.452811
0.286443
0.856579
0.686034
0.10954
3.00175
1.45278
2.12438
0.276233
1.14742
3.78079
0.603122
2.04905
8.96813
0.421217
2.31562
0.939711
0.898572
1.21784
3.15183
0.0454186
4.77511
0.080421
1.73188
4.32086
5.52781
0.997464
1.57768
0.302214
2.53625
2.11191
5.72374
0.0576765
1.6175
4.55944
6.07411
3.03978
4.57833
1.32799
1.66034
0.586188
1.18446
0.65464
4.55061
6.06002
1.6919
0.727551
5.79296
3.1297
2.88051
0.912214
0.416777
1.04799
0.0447884
1.14411
0.486584
0.991623
0.269041
2.00912
7.66654
0.219035
6.59467
2.18563
0.561885
7.72846
1.95948
0.631935
0.218934
3.88979
1.30502
2.05393
0.521107
2.01306
2.66746
0.826995
9.60705
2.71863
0.207209
1.01255
6.6779
2.03873
3.94568
0.692772
2.5968
1.01663
6.40604
4.9683
1.46578
5.57997
1.98559
0.612276
3.43936
